[root@app-2 ~]# sysctl net.ipv4.tcp_rmem
net.ipv4.tcp_rmem = 4096	87380	6291456

[root@app-2 ~]# for i in {1..100} ; do netstat -nt | grep 5001 | awk '{print $2}'; sleep 1 ; done
0
4104976
0
1484976
491960
3331640
3848296
1332776
1587984
2322456
2331176
0
1560944
0
3906984
0
4112128
1603520
384448
0
4021688
0
65160
635440
1265352
0
737896
373712
790472
727776
945360
0
0
4108976
1138080
1416240
785464
984992
1280064
1392456
1306952
0
1626384
1290168
0
75024
589992
65160
1519912
811256
1249208
809744
327288
846128
775200
1671344
568048
888936
1218248
2049328
1357112
597880
757776
2059520
0
0
0
2387424
0
0
3840040
833208
0
487384
1583752
1473624
1539216
0
4240512
65160
1637368
549600
0
651600
895744
971712
3924360
0
0
1696792
3795968
0
1234816
369888
0
1899160
564440
632808
1035304
1597392

[root@app-1 ~]# sysctl net.ipv4.tcp_wmem
net.ipv4.tcp_wmem = 4096	16384	4194304

[root@app-1 ~]# for i in {1..100} ; do netstat -nt | grep 5001 | awk '{print $3}'; sleep 1 ; done
4167344
4105080
4170240
4166080
4105080
4105080
2852560
4139792
3583800
3104512
4155760
4163000
4120592
2904688
4155424
3058176
4187616
2461600
4165896
4170240
3836392
4105080
3414384
4199408
4124064
4096488
4107376
4075880
4170240
4147824
4145624
4203952
3675920
3330400
3995904
4174928
4114528
4152256
2997360
4170240
4125272
4145080
4180376
4156968
3179712
3062520
3844440
4086144
3428864
3383040
3224840
4110240
3880640
4170240
4149552
3324608
4117496
4096656
4202288
3648960
3496888
4103560
4142040
4181344
3049448
456120
4157208
1629000
3258000
4191928
3828512
4165384
4199144
4085664
4200648
4170240
2848768
3340536
4139912
4142280
4144088
2984264
3190808
4161624
4099904
4092056
1107720
4170240
4128248
4093456
4101336
3866928
4118112
4197928
3714120
3648960
4170240
4107976
3540096
4187296
